10.0 	 0.04347274616886145 
0.0 	 0.00000000000000005255055649892408 
0.05 	 0.024992188313759912 
0.1 	 0.04993752603624222 
0.15 	 0.07478926016123458 
0.2 	 0.0995008326392356 
0.25 	 0.1240259773227267 
0.3 	 0.14831881627310367 
0.35 	 0.17233395521870812 
0.4 	 0.1960265779553185 
0.45 	 0.21935253948285857 
0.5 	 0.24226845767487487 
0.55 	 0.26473180328070134 
0.6 	 0.2867009880639148 
0.65 	 0.3081354508849153 
0.7 	 0.32899574154005884 
0.75 	 0.3492436021748627 
0.8 	 0.3688420460941693 
0.85 	 0.3877554337981057 
0.9 	 0.4059495460788062 
0.95 	 0.4233916540195599 
1.0 	 0.4400505857449332 
1.05 	 0.45589678977773107 
1.1 	 0.4709023948662928 
1.15 	 0.48504126615351717 
1.2 	 0.4982890575672162 
1.25 	 0.5106232603198803 
1.3 	 0.5220232474146599 
1.35 	 0.5324703140632875 
1.4 	 0.5419477139308545 
1.45 	 0.5504406911316957 
1.5 	 0.5579365079100991 
1.55 	 0.564424467949267 
1.6 	 0.5698959352616808 
1.65 	 0.57434434862394 
1.7 	 0.5777652315290216 
1.75 	 0.5801561976389917 
1.8 	 0.5815169517311659 
1.85 	 0.5818492861408054 
1.9 	 0.5811570727134345 
1.95 	 0.5794462502898537 
2.0 	 0.5767248077568745 
2.05 	 0.5730027627066226 
2.1 	 0.5682921357570389 
2.15 	 0.5626069205957541 
2.2 	 0.5559630498190647 
2.25 	 0.548378356646961 
2.3 	 0.5398725326043139 
2.35 	 0.5304670812671883 
2.4 	 0.5201852681819307 
2.45 	 0.5090520670730757 
2.5 	 0.49709410246427416 
2.55 	 0.4843395888442817 
2.6 	 0.4708182665175781 
2.65 	 0.45656133428646 
2.7 	 0.4416013791182534 
2.75 	 0.4259723029579033 
2.8 	 0.409709246852289 
2.85 	 0.3928485125584304 
2.9 	 0.37542748181309615 
2.95 	 0.3574845334463289 
3.0 	 0.3390589585259367 
3.05 	 0.32019087372411104 
3.1 	 0.30092113310105756 
3.15 	 0.281291238503722 
3.2 	 0.26134324878050486 
3.25 	 0.24111968801520411 
3.3 	 0.220663452985241 
3.35 	 0.2000177200506905 
3.4 	 0.17922585168150737 
3.45 	 0.15833130283084662 
3.5 	 0.1373775273623273 
3.55 	 0.1164078847386338 
3.6 	 0.09546554717787653 
3.65 	 0.07459340748272819 
3.7 	 0.053833987745461664 
3.75 	 0.03322934912967978 
3.8 	 0.012821002926731771 
3.85 	 -0.007350176918416938 
3.9 	 -0.027244039620779842 
3.95 	 -0.04682124152142319 
4.0 	 -0.06604332802354917 
4.05 	 -0.08487281332105334 
4.1 	 -0.10327325774733845 
4.15 	 -0.12120934257787142 
4.2 	 -0.13864694212604622 
4.25 	 -0.15555319297834277 
4.3 	 -0.17189656022154018 
4.35 	 -0.18764690052183233 
4.4 	 -0.2027755219230866 
4.45 	 -0.21725524023919196 
4.5 	 -0.2310604319233705 
4.55 	 -0.2441670833055658 
4.6 	 -0.2565528360974442 
4.65 	 -0.2681970290732186 
4.7 	 -0.2790807358433356 
4.75 	 -0.2891867986471102 
4.8 	 -0.2984998580995581 
4.85 	 -0.30700637883696585 
4.9 	 -0.3146946710151904 
4.95 	 -0.32155490762413774 
5.0 	 -0.327579137591465 
5.05 	 -0.3327612946581568 
5.1 	 -0.3370972020182321 
5.15 	 -0.3405845727245113 
5.2 	 -0.343223005871922 
5.25 	 -0.34501397857943744 
5.3 	 -0.3459608338011857 
5.35 	 -0.3460687640067057 
5.4 	 -0.34534479077958646 
5.45 	 -0.34379774039293504 
5.5 	 -0.3414382154290438 
5.55 	 -0.3382785625195568 
5.6 	 -0.33433283629100724 
5.65 	 -0.32961675960904024 
5.7 	 -0.32414768022285645 
5.75 	 -0.31794452391933276 
5.8 	 -0.3110277443039424 
5.85 	 -0.30341926933302554 
5.9 	 -0.29514244472901613 
5.95 	 -0.28622197441701963 
6.0 	 -0.2766838581275657 
6.05 	 -0.2665553263164605 
6.1 	 -0.25586477255838314 
6.15 	 -0.2446416835762338 
6.2 	 -0.23291656707322275 
6.25 	 -0.22072087753923675 
6.3 	 -0.20808694020724214 
6.35 	 -0.1950478733391771 
6.4 	 -0.18163750902418324 
6.45 	 -0.16789031267489332 
6.5 	 -0.15384130140997185 
6.55 	 -0.13952596151314778 
6.6 	 -0.12498016516056364 
6.65 	 -0.11024008660939069 
6.7 	 -0.09534211804138647 
6.75 	 -0.0803227852552772 
6.8 	 -0.06521866340168565 
6.85 	 -0.05006629295363893 
6.9 	 -0.03490209610461801 
6.95 	 -0.019762293784573667 
7.0 	 -0.004682823482345837 
7.05 	 0.010300741939457222 
7.1 	 0.0251532742539104 
7.15 	 0.03984016852357954 
7.2 	 0.05432742022236736 
7.25 	 0.06858170065313189 
7.3 	 0.08257043049325788 
7.35 	 0.09626185130517226 
7.4 	 0.10962509485399066 
7.45 	 0.12263025008001979 
7.5 	 0.13524842757970534 
7.55 	 0.14745182145484367 
7.6 	 0.15921376839635665 
7.65 	 0.17050880387577055 
7.7 	 0.18131271532458834 
7.75 	 0.19160259218911818 
7.8 	 0.20135687275589617 
7.85 	 0.2105553876506472 
7.9 	 0.2191793999217515 
7.95 	 0.2272116416273914 
8.0 	 0.2346363468539147 
8.05 	 0.24143928110146534 
8.1 	 0.24760776698159281 
8.15 	 0.2531307061802808 
8.2 	 0.2579985976486814 
8.25 	 0.26220355199274387 
8.3 	 0.26573930204186463 
8.35 	 0.2686012095856453 
8.4 	 0.27078626827683505 
8.45 	 0.27229310270746027 
8.5 	 0.27312196367405384 
8.55 	 0.2732747196567672 
8.6 	 0.2727548445458802 
8.65 	 0.2715674016579212 
8.7 	 0.2697190240921079 
8.75 	 0.26721789148628194 
8.8 	 0.26407370323967755 
8.85 	 0.2602976482779837 
8.9 	 0.2559023714439755 
8.95 	 0.25090193660466903 
9.0 	 0.2453117865733258 
9.05 	 0.23914869995183544 
9.1 	 0.23243074500585656 
9.15 	 0.22517723069172402 
9.2 	 0.21740865496044967 
9.25 	 0.20914665047012118 
9.3 	 0.20041392784370216 
9.35 	 0.19123421661455747 
9.4 	 0.1816322040070213 
9.45 	 0.1716334717039608 
9.5 	 0.16126443075752966 
9.55 	 0.15055225480320808 
9.6 	 0.13952481174068554 
9.65 	 0.12821059404827542 
9.7 	 0.1166386479002132 
9.75 	 0.10483850125849746 
9.8 	 0.09284009111281015 
9.85 	 0.08067369004350193 
9.9 	 0.0683698322836921 
9.95 	 0.05595923945715466 
10.0 	 0.04347274616886145 
