  0.10000000000000001        4.9937496819069171E-002
  0.20000000000000001        9.9500802042838926E-002
  0.29999999999999999       0.14831878431822362     
  0.40000000000000002       0.19602654467284769     
  0.50000000000000000       0.24226842310560537     
  0.59999999999999998       0.28670095225819997     
  0.69999999999999996       0.32899570455738431     
  0.80000000000000004       0.36884200800267114     
  0.90000000000000002       0.40594950695469623     
   1.0000000000000000       0.44005054567187646     
   1.1000000000000001       0.47090235393470586     
   1.2000000000000000       0.49828901587352531     
   1.3000000000000000       0.52202320506050637     
   1.3999999999999999       0.54194767102225072     
   1.5000000000000000       0.55793646455656831     
   1.6000000000000001       0.56989589157534704     
   1.7000000000000000       0.57776518762370721     
   1.8000000000000000       0.58151690772144804     
   1.8999999999999999       0.58115702871373076     
   2.0000000000000000       0.57672476388050953     
   2.1000000000000001       0.56829209211533505     
   2.2000000000000002       0.55596300652044861     
   2.2999999999999998       0.53987248975345803     
   2.3999999999999999       0.52018522587892302     
   2.5000000000000000       0.49709406080383595     
   2.6000000000000001       0.47081822558833269     
   2.7000000000000002       0.44160133900204102     
   2.7999999999999998       0.40970920762355661     
   2.8999999999999999       0.37542744353833979     
   3.0000000000000000       0.33905892126322751     
   3.1000000000000001       0.30092109689963042     
   3.2000000000000002       0.26134321368043201     
   3.2999999999999998       0.22066341901718678     
   3.3999999999999999       0.17922581886655928     
   3.5000000000000000       0.13737749571191527     
   3.6000000000000001        9.5465516693771249E-002
   3.7000000000000002        5.3833958419860432E-002
   3.7999999999999998        1.2820974742420381E-002
   3.8999999999999999       -2.7244066690179172E-002
   4.0000000000000000       -6.6043354013260239E-002
   4.0999999999999996      -0.10327328270103303     
   4.2000000000000002      -0.13864696609537822     
   4.2999999999999998      -0.17189658326561674     
   4.4000000000000004      -0.20277554410787879     
   4.5000000000000000      -0.23106045332106254     
   4.5999999999999996      -0.25655285678574613     
   4.7000000000000002      -0.27908075590474102     
   4.7999999999999998      -0.29849987762057723     
   4.9000000000000004      -0.31469469008554807     
   5.0000000000000000      -0.32757915630327927     
   5.0999999999999996      -0.33709722046518226     
   5.2000000000000002      -0.34322302414840633     
   5.2999999999999998      -0.34596085200148363     
   5.4000000000000004      -0.34534480899702635     
   5.5000000000000000      -0.34143823375519328     
   5.5999999999999996      -0.33433285481488306     
   5.7000000000000002      -0.32414769903015983     
   5.7999999999999998      -0.31102776347634137     
   5.9000000000000004      -0.29514246434346358     
   6.0000000000000000      -0.27668387825567026     
   6.0999999999999996      -0.25586479326583195     
   6.2000000000000002      -0.23291658841926344     
   6.2999999999999998      -0.20808696224423004     
   6.4000000000000004      -0.18163753179719383     
   6.5000000000000000      -0.15384132495648223     
   6.5999999999999996      -0.12498018951020838     
   6.7000000000000002       -9.5342143215784839E-002
   6.7999999999999998       -6.5218689414345443E-002
   6.9000000000000004       -3.4902122960913176E-002
   7.0000000000000000       -4.6828511795686222E-003
   7.0999999999999996        2.5153245726422482E-002
   7.2000000000000002        5.4327390883034739E-002
   7.2999999999999998        8.2570400367992000E-002
   7.4000000000000004       0.10962506397586055     
   7.5000000000000000       0.13524839598854069     
   7.5999999999999996       0.15921373613829545     
   7.7000000000000002       0.18131268245156790     
   7.7999999999999998       0.20135683932509690     
   7.9000000000000004       0.21917936599499444     
   8.0000000000000000       0.23463631249702918     
   8.0999999999999996       0.24760773226374475     
   8.1999999999999993       0.25799856264168186     
   8.3000000000000007       0.26573926681946025     
   8.4000000000000004       0.27078623291398668     
   8.5000000000000000       0.27312192824620868     
   8.5999999999999996       0.27275480912825140     
   8.6999999999999993       0.26971898875895828     
   8.8000000000000007       0.26407366806362287     
   8.9000000000000004       0.25590233649530997     
   9.0000000000000000       0.24531175191936905     
   9.0999999999999996       0.23243071071034790     
   9.1999999999999993       0.21740862108296807     
   9.3000000000000007       0.20041389443914265     
   9.4000000000000004       0.18163217112511112     
   9.5000000000000000       0.16126439844240414     
   9.5999999999999996       0.13952478003052024     
   9.6999999999999993       0.11663861682691282     
   9.8000000000000007        9.2840060701764940E-002
   9.9000000000000004        6.8369802553593997E-002
   10.000000000000000        4.3472717131587686E-002
   10.100000000000000        1.8395487118135535E-002
   10.199999999999999       -6.6157709411580430E-003
   10.300000000000001       -3.1317856432043129E-002
   10.400000000000000       -5.5472788132862251E-002
   10.500000000000000       -7.8850039860664203E-002
   10.600000000000000      -0.10122868759616575     
   10.699999999999999      -0.12239944834863646     
   10.800000000000001      -0.14216659217012473     
   10.900000000000000      -0.16034971004625137     
   11.000000000000000      -0.17678532186475668     
   11.100000000000000      -0.19132831027838901     
   11.199999999999999      -0.20385316801950396     
   11.300000000000001      -0.21425504807284729     
   11.400000000000000      -0.22245060805225120     
   11.500000000000000      -0.22837864213764372     
   11.600000000000000      -0.23200049599128866     
   11.699999999999999      -0.23330026216679384     
   11.800000000000001      -0.23228475563100656     
   11.900000000000000      -0.22898327111741940     
   12.000000000000000      -0.22344712610017986     
   12.100000000000000      -0.21574899520069729     
   12.199999999999999      -0.20598204379512294     
   12.300000000000001      -0.19425887046238083     
   12.400000000000000      -0.18071026968148676     
   12.500000000000000      -0.16548382783728743     
   12.600000000000000      -0.14874236711036143     
   12.699999999999999      -0.13066225319575800     
   12.800000000000001      -0.11143158400427121     
   12.900000000000000       -9.1248277538259606E-002
   13.000000000000000       -7.0318077992534686E-002
   13.100000000000000       -4.8852499802313994E-002
   13.199999999999999       -2.7066729839113915E-002
   13.300000000000001       -5.1775082381285194E-003
   13.400000000000000        1.6598991574565253E-002
   13.500000000000000        3.8049263199649165E-002
   13.600000000000000        5.8964527780365011E-002
   13.699999999999999        7.9142735070232340E-002
   13.800000000000001        9.8390486092854487E-002
   13.900000000000000       0.11652485929892162     
   14.000000000000000       0.13337512315975750     
   14.100000000000000       0.14878431932955799     
   14.199999999999999       0.16261070184758547     
   14.300000000000001       0.17472901932340981     
   14.400000000000000       0.18503162863806860     
   14.500000000000000       0.19342943038584773     
   14.600000000000000       0.19985261805849108     
   14.699999999999999       0.20425123481856156     
   14.800000000000001       0.20659553360322941     
   14.900000000000000       0.20687613822553713     
   15.000000000000000       0.20510400507844875     
   15.100000000000000       0.20131018697898934     
   15.199999999999999       0.19554540259693956     
   15.300000000000001       0.18787941677659259     
   15.400000000000000       0.17840023886322828     
   15.500000000000000       0.16721314787108238     
   15.600000000000000       0.15443955496046746     
   15.699999999999999       0.14021571521294604     
   15.800000000000001       0.12469130209098941     
   15.900000000000000       0.10802785922938110     
   16.000000000000000        9.0397145318239600E-002
   16.100000000000001        7.1979388791905602E-002
   16.199999999999999        5.2961469825512267E-002
   16.300000000000001        3.3535047755051152E-002
   16.399999999999999        1.3894652472067682E-002
   16.500000000000000       -5.7642414027617127E-003
   16.600000000000001       -2.5247138693376837E-002
   16.699999999999999       -4.4362427429689079E-002
   16.800000000000001       -6.2923243732404571E-002
   16.899999999999999       -8.0749279830623355E-002
   17.000000000000000       -9.7668517867441657E-002
   17.100000000000001      -0.11351887296001945     
   17.199999999999999      -0.12814972994866147     
   17.300000000000001      -0.14142335938408543     
   17.399999999999999      -0.15321619955192292     
   17.500000000000000      -0.16341999270571447     
   17.600000000000001      -0.17194276516042370     
   17.699999999999999      -0.17870964247291604     
   17.800000000000001      -0.18366349258816356     
   17.899999999999999      -0.18676539154381125     
   18.000000000000000      -0.18799490808416963     
   18.100000000000001      -0.18735020532041666     
   18.199999999999999      -0.18484795936931178     
   18.300000000000001      -0.18052309669052280     
   18.399999999999999      -0.17442835360539141     
   18.500000000000000      -0.16663366320054673     
   18.600000000000001      -0.15722537648170506     
   18.699999999999999      -0.14630532623027034     
   18.800000000000001      -0.13398974351291293     
   18.899999999999999      -0.12040803818790531     
   19.000000000000000      -0.10570145602853349     
   19.100000000000001       -9.0021626231440846E-002
   19.199999999999999       -7.3529014085669350E-002
   19.300000000000001       -5.6391294437205100E-002
   19.399999999999999       -3.8781662286323244E-002
   19.500000000000000       -2.0877097394674204E-002
   19.600000000000001       -2.8566001514479279E-003
   19.699999999999999        1.5100583850007843E-002
   19.800000000000001        3.2816733043133234E-002
   19.899999999999999        5.0117395585201147E-002
   20.000000000000000        6.6833094488514849E-002
   20.100000000000001        8.2800975628527729E-002
   20.199999999999999        9.7866382706374544E-002
   20.300000000000001       0.11188434403100508     
   20.399999999999999       0.12472095691857721     
   20.500000000000000       0.13625465657422944     
   20.600000000000001       0.14637735751281247     
   20.699999999999999       0.15499545687848465     
   20.800000000000001       0.16203069042504781     
   20.899999999999999       0.16742083340538544     
   21.000000000000000       0.17112024017451066     
   21.100000000000001       0.17310021792100233     
   21.199999999999999       0.17334923159004118     
   21.300000000000001       0.17187293873155265     
   21.399999999999999       0.16869405468269483     
   21.500000000000000       0.16385205015867860     
   21.600000000000001       0.15740268496337204     
   21.699999999999999       0.14941738312546585     
   21.800000000000001       0.13998245630164813     
   21.899999999999999       0.12919818375049391     
   22.000000000000000       0.11717775855554868     
   22.100000000000001       0.10404611105028284     
   22.199999999999999        8.9938621559080625E-002
   22.300000000000001        7.4999735606302423E-002
   22.399999999999999        5.9381495650017144E-002
   22.500000000000000        4.3242004159858877E-002
   22.600000000000001        2.6743833472769974E-002
   22.699999999999999        1.0052398320599483E-002
   22.800000000000001       -6.6656927741953155E-003
   22.899999999999999       -2.3244290896553547E-002
   23.000000000000000       -3.9519348611510303E-002
   23.100000000000001       -5.5330534172008478E-002
   23.199999999999999       -7.0522802259646564E-002
   23.300000000000001       -8.4947905947560659E-002
   23.399999999999999       -9.8465835214626804E-002
   23.500000000000000      -0.11094616812193987     
   23.600000000000001      -0.12226932167779055     
   23.699999999999999      -0.13232769045673518     
   23.800000000000001      -0.14102666219106993     
   23.899999999999999      -0.14828550080738109     
   24.000000000000000      -0.15403808872415578     
   24.100000000000001      -0.15823352164511706     
   24.199999999999999      -0.16083655056283869     
   24.300000000000001      -0.16182786721348835     
   24.399999999999999      -0.16120423078106735     
   24.500000000000000      -0.15897843522288502     
   24.600000000000001      -0.15517911816159757     
   24.699999999999999      -0.14985041384763498     
   24.800000000000001      -0.14305145422376897     
   24.899999999999999      -0.13485572360624123     
   25.000000000000000      -0.12535027391963552     
   25.100000000000001      -0.11463480877195310     
   25.199999999999999      -0.10282064591898252     
   25.300000000000001       -9.0029568831010556E-002
   25.399999999999999       -7.6392579129083094E-002
   25.500000000000000       -6.2048562592360419E-002
   25.600000000000001       -4.7142882243952022E-002
   25.699999999999999       -3.1825912692352465E-002
   25.800000000000001       -1.6251530433236933E-002
   25.899999999999999       -5.7557519715169562E-004
   26.000000000000000        1.5045702340696262E-002
   26.100000000000001        3.0457191093450391E-002
   26.199999999999999        4.5506453016561463E-002
   26.300000000000001        6.0045224384858951E-002
   26.399999999999999        7.3930870167047941E-002
   26.500000000000000        8.7027777288028269E-002
   26.600000000000001        9.9208673223813784E-002
   26.699999999999999       0.11035585715969286     
   26.800000000000001       0.12036233185130865     
   26.899999999999999       0.12913282535126389     
   27.000000000000000       0.13658469289015743     
   27.100000000000001       0.14264869041916517     
   27.199999999999999       0.14726961261914481     
   27.300000000000001       0.15040678954561548     
   27.399999999999999       0.15203443749623621     
   27.500000000000000       0.15214186114338921     
   27.600000000000001       0.15073350545470870     
   27.699999999999999       0.14782885741417015     
   27.800000000000001       0.14346219904097551     
   27.899999999999999       0.13768221466830372     
   28.000000000000000       0.13055145687463385     
   28.100000000000001       0.12214567684283306     
   28.199999999999999       0.11255302624300996     
   28.300000000000001       0.10187313898146282     
   28.399999999999999        9.0216102317848879E-002
   28.500000000000000        7.7701327914752177E-002
   28.600000000000001        6.4456334338069077E-002
   28.699999999999999        5.0615453363867191E-002
   28.800000000000001        3.6318473159830660E-002
   28.899999999999999        2.1709231990382521E-002
   29.000000000000000        6.9341765387695110E-003
   29.100000000000001       -7.8591007570955451E-003
   29.199999999999999       -2.2523330798048986E-002
   29.300000000000001       -3.6913028773529338E-002
   29.399999999999999       -5.0885932523318050E-002
   29.500000000000000       -6.4304404137293963E-002
   29.600000000000001       -7.7036781029194659E-002
   29.699999999999999       -8.8958663265073720E-002
   29.800000000000001       -9.9954124600764763E-002
   29.899999999999999      -0.10991683547819243     
   30.000000000000000      -0.11875108713960758     
   30.100000000000001      -0.12637270703233350     
   30.199999999999999      -0.13270985678417807     
   30.300000000000001      -0.13770370521994765     
   30.399999999999999      -0.14130897015056823     
   30.500000000000000      -0.14349432398541204     
   30.600000000000001      -0.14424265958242644     
   30.699999999999999      -0.14355121414583968     
   30.800000000000001      -0.14143155039380503     
   30.899999999999999      -0.13790939563420748     
   31.000000000000000      -0.13302434079210929     
   31.100000000000001      -0.12682940281298180     
   31.199999999999999      -0.11939045520846969     
   31.300000000000001      -0.11078553280275107     
   31.399999999999999      -0.10110401796500079     
   31.500000000000000       -9.0445716765075790E-002
   31.600000000000001       -7.8919834554175228E-002
   31.699999999999999       -6.6643861439590113E-002
   31.800000000000001       -5.3742378983489277E-002
   31.899999999999999       -4.0345800201800661E-002
   32.000000000000000       -2.6589055563531954E-002
   32.100000000000001       -1.2610238187639235E-002
   32.200000000000003        1.4507782009001730E-003
   32.299999999999997        1.5453734764888559E-002
   32.399999999999999        2.9259382615682918E-002
   32.500000000000000        4.2730863603750384E-002
   32.600000000000001        5.5735063184474250E-002
   32.700000000000003        6.8143922021947773E-002
   32.799999999999997        7.9835693441987668E-002
   32.899999999999999        9.0696134420395161E-002
   33.000000000000000       0.10061961848758691     
   33.100000000000001       0.10951015973889489     
   33.200000000000003       0.11728233805273482     
   33.299999999999997       0.12386211662716816     
   33.399999999999999       0.12918754403887286     
   33.500000000000000       0.13320933419610204     
   33.600000000000001       0.13589131878713487     
   33.700000000000003       0.13721076810558919     
   33.799999999999997       0.13715857745102633     
   33.899999999999999       0.13573931764433203     
   34.000000000000000       0.13297114954912159     
   34.100000000000001       0.12888560383939632     
   34.200000000000003       0.12352722858662463     
   34.299999999999997       0.11695310854306272     
   34.399999999999999       0.10923226125974952     
   34.500000000000000       0.10044491638475661     
   34.600000000000001        9.0681685628145228E-002
   34.700000000000003        8.0042631943622600E-002
   34.799999999999997        6.8636247452689050E-002
   34.899999999999999        5.6578350515765236E-002
   35.000000000000000        4.3990913127932421E-002
   35.100000000000001        3.1000830477084265E-002
   35.200000000000003        1.7738645043350099E-002
   35.299999999999997        4.3372380354420766E-003
   35.399999999999999       -9.0694987515982112E-003
   35.500000000000000       -2.2347997414462174E-002
   35.600000000000001       -3.5366341486132852E-002
   35.700000000000003       -4.7995573382673552E-002
   35.799999999999997       -6.0110968823350423E-002
   35.899999999999999       -7.1593265658105823E-002
   36.000000000000000       -8.2329835022947065E-002
   36.100000000000001       -9.2215783348895450E-002
   36.200000000000003      -0.10115497446734455     
   36.299999999999997      -0.10906096187670297     
   36.399999999999999      -0.11585782215356495     
   36.500000000000000      -0.12148088149699790     
   36.600000000000001      -0.12587732847673455     
   36.700000000000003      -0.12900670720407259     
   36.799999999999997      -0.13084128634668504     
   36.899999999999999      -0.13136630065316116     
   37.000000000000000      -0.13058006292756968     
   37.100000000000001      -0.12849394568587738     
   37.200000000000003      -0.12513223302188153     
   37.299999999999997      -0.12053184449751723     
   37.399999999999999      -0.11474193413825587     
   37.500000000000000      -0.10782336884635292     
   37.600000000000001       -9.9848091730719096E-002
   37.700000000000003       -9.0898376980653145E-002
   37.799999999999997       -8.1065983970413494E-002
   37.899999999999999       -7.0451219262400319E-002
   38.000000000000000       -5.9161916068964225E-002
   38.100000000000001       -4.7312341527948290E-002
   38.200000000000003       -3.5022042837390945E-002
   38.299999999999997       -2.2414643873754209E-002
   38.399999999999999       -9.6166043801259055E-003
   38.500000000000000        3.2440458481593718E-003
   38.600000000000001        1.6038985136309004E-002
   38.700000000000003        2.8640877726356772E-002
   38.799999999999997        4.0924638497973405E-002
   38.899999999999999        5.2768672076725448E-002
   39.000000000000000        6.4056074078632133E-002
   39.100000000000001        7.4675782646749747E-002
   39.200000000000003        8.4523668958900830E-002
   39.299999999999997        9.3503556020213721E-002
   39.399999999999999       0.10152815579316062     
   39.500000000000000       0.10851991555376535     
   39.600000000000001       0.11441176528706042     
   39.700000000000003       0.11914775893824706     
   39.799999999999997       0.12268360340831884     
   39.899999999999999       0.12498707031322526     
   40.000000000000000       0.12603828670271572     
   40.100000000000001       0.12582990214694817     
   40.200000000000003       0.12436713083370558     
   40.299999999999997       0.12166766856431467     
   40.399999999999999       0.11776148577970282     
   40.500000000000000       0.11269049897716114     
   40.600000000000001       0.10650812408110212     
   40.700000000000003        9.9278716495551714E-002
   40.799999999999997        9.1076903680835611E-002
   40.899999999999999        8.1986817150937988E-002
   41.000000000000000        7.2101231771045493E-002
   41.100000000000001        6.1520621137186850E-002
   41.200000000000003        5.0352138632958163E-002
   41.299999999999997        3.8708534474128857E-002
   41.399999999999999        2.6707019663640589E-002
   41.500000000000000        1.4468088281306539E-002
   41.600000000000001        2.1143099195886747E-003
   41.700000000000003       -1.0230895654261159E-002
   41.799999999999997       -2.2444489381202401E-002
   41.899999999999999       -3.4405037083659232E-002
   42.000000000000000       -4.5993914769524191E-002
   42.100000000000001       -5.7096483123441233E-002
   42.200000000000003       -6.7603219576022833E-002
   42.299999999999997       -7.7410796790403080E-002
   42.399999999999999       -8.6423096964110199E-002
   42.500000000000000       -9.4552152006869131E-002
   42.600000000000001      -0.10171900041485012     
   42.700000000000003      -0.10785445251119760     
   42.799999999999997      -0.11289975665287705     
   42.899999999999999      -0.11680716000545918     
   43.000000000000000      -0.11954035855036407     
   43.100000000000001      -0.12107483210258208     
   43.200000000000003      -0.12139806126982712     
   43.299999999999997      -0.12050962446490802     
   43.399999999999999      -0.11842117428002977     
   43.500000000000000      -0.11515629373284159     
   43.600000000000001      -0.11075023408739447     
   43.700000000000003      -0.10524953712690396     
   43.799999999999997       -9.8711545897738617E-002
   43.899999999999999       -9.1203809044073783E-002
   44.000000000000000       -8.2803384899349172E-002
   44.100000000000001       -7.3596052483727581E-002
   44.200000000000003       -6.3675437466599136E-002
   44.299999999999997       -5.3142061980894766E-002
   44.399999999999999       -4.2102327913503192E-002
   44.500000000000000       -3.0667443936383380E-002
   44.600000000000001       -1.8952307079734835E-002
   44.700000000000003       -7.0743500768941205E-003
   44.799999999999997        4.8476339737019277E-003
   44.899999999999999        1.6694677883909770E-002
   45.000000000000000        2.8348825760012436E-002
   45.100000000000001        3.9694305701744197E-002
   45.200000000000003        5.0618678174258941E-002
   45.299999999999997        6.1013948678438665E-002
   45.399999999999999        7.0777633724792482E-002
   45.500000000000000        7.9813769604512128E-002
   45.600000000000001        8.8033854043032406E-002
   45.700000000000003        9.5357711510468401E-002
   45.799999999999997       0.10171427374262648     
   45.899999999999999       0.10704226788790888     
   46.000000000000000       0.11129080563061775     
   46.100000000000001       0.11441986764051253     
   46.200000000000003       0.11640067875183759     
   46.299999999999997       0.11721597037191535     
   46.399999999999999       0.11686012774872612     
   46.500000000000000       0.11533922087743594     
   46.600000000000001       0.11267091898606171     
   46.700000000000003       0.10888428969885743     
   46.799999999999997       0.10401948512102850     
   46.899999999999999        9.8127318208714190E-002
   47.000000000000000        9.1268733872689953E-002
   47.100000000000001        8.3514180302265956E-002
   47.200000000000003        7.4942886977148335E-002
   47.299999999999997        6.5642056749961084E-002
   47.399999999999999        5.5705980221719520E-002
   47.500000000000000        4.5235081388653051E-002
   47.600000000000001        3.4334904203975038E-002
   47.700000000000003        2.3115050266156376E-002
   47.799999999999997        1.1688078310449915E-002
   47.899999999999999        1.6837653845668777E-004
   48.000000000000000       -1.1328980931901154E-002
   48.100000000000001       -2.2689382078843842E-002
   48.200000000000003       -3.3799818013464121E-002
   48.299999999999997       -4.4550005695410712E-002
   48.399999999999999       -5.4833481187717255E-002
   48.500000000000000       -6.4548652626857064E-002
   48.600000000000001       -7.3599802507065978E-002
   48.700000000000003       -8.1898029403495415E-002
   48.799999999999997       -8.9362119881507773E-002
   48.899999999999999       -9.5919342052936979E-002
   49.000000000000000      -0.10150615303717862     
   49.100000000000001      -0.10606881345744448     
   49.200000000000003      -0.10956390304156488     
   49.299999999999997      -0.11195873239291716     
   49.399999999999999      -0.11323164704035490     
   49.500000000000000      -0.11337222095593009     
   49.600000000000001      -0.11238133783497455     
   49.700000000000003      -0.11027115955362236     
   49.799999999999997      -0.10706498234299630     
   49.899999999999999      -0.10279698233583269     
   50.000000000000000       -9.7511853239194660E-002
